    0.8147    1.0098
    0.9058    0.0919
    0.1270   -0.7596
    0.9134    0.0598
    0.6324    0.0889
    0.0975   -0.6784
    0.2785    0.3551
    0.5469    0.7755
    0.9575    0.2320
    0.9649    0.3431
    0.1576   -0.7083
    0.9706    0.4331
    0.9572    0.2634
    0.4854    0.6230
    0.8003    1.1064
    0.1419   -0.7705
    0.4218   -0.2463
    0.9157    0.1305
    0.7922    1.0833
    0.9595    0.3405
    0.6557    0.0029
    0.0357   -0.0705
    0.8491    0.5917
    0.9340    0.1310
    0.6787    0.1028
    0.7577    0.9521
    0.7431    0.8837
    0.3922   -0.4013
    0.6555    0.0463
    0.1712   -0.5543
    0.7060    0.4237
    0.0318   -0.0740
    0.2769    0.4118
    0.0462   -0.1261
    0.0971   -0.6611
    0.8235    0.9523
    0.6948    0.2709
    0.3171    0.1067
    0.9502    0.2246
    0.0344   -0.0442
    0.4387   -0.0463
    0.3816   -0.4135
    0.7655    1.0459
    0.7952    1.0729
    0.1869   -0.3199
    0.4898    0.6852
    0.4456    0.0178
    0.6463    0.0335
    0.7094    0.4101
    0.7547    1.0029
    0.2760    0.4218
    0.6797    0.0988
    0.6551    0.0737
    0.1626   -0.6800
    0.1190   -0.7813
    0.4984    0.7469
    0.9597    0.3038
    0.3404   -0.0994
    0.5853    0.5295
    0.2238    0.1352
    0.7513    0.9063
    0.2551    0.3318
    0.5060    0.7445
    0.6991    0.2835
    0.8909    0.1489
    0.9593    0.3077
    0.5472    0.8537
    0.1386   -0.8046
    0.1493   -0.7471
    0.2575    0.4163
    0.8407    0.7787
    0.2543    0.3747
    0.8143    1.0489
    0.2435    0.3269
    0.9293    0.0836
    0.3500   -0.2084
    0.1966   -0.2466
    0.2511    0.3230
    0.6160    0.2013
    0.4733    0.4440
    0.3517   -0.2473
    0.8308    0.8563
    0.5853    0.5147
    0.5497    0.8050
    0.9172    0.0892
    0.2858    0.3462
    0.7572    0.9945
    0.7537    0.9228
    0.3804   -0.3648
    0.5678    0.7126
    0.0759   -0.4971
    0.0540   -0.1912
    0.5308    0.8390
    0.7792    1.1438
    0.9340    0.1126
    0.1299   -0.8169
    0.5688    0.6257
    0.4694    0.3523
    0.0119    0.0647
    0.3371   -0.0837
    0.1622   -0.6076
    0.7943    1.1218
    0.3112    0.1025
    0.5285    0.8889
    0.1656   -0.5596
    0.6020    0.3413
    0.2630    0.3337
    0.6541    0.0164
    0.6892    0.2457
    0.7482    0.9358
    0.4505    0.1040
    0.0838   -0.5891
    0.2290    0.1945
    0.9133    0.0852
    0.1524   -0.7051
    0.8258    0.8716
    0.5383    0.8106
    0.9961    0.7201
    0.0782   -0.4808
    0.4427    0.0700
    0.1067   -0.7891
    0.9619    0.2894
    0.0046    0.0583
    0.7749    1.0928
    0.8173    0.9453
    0.8687    0.4390
    0.0844   -0.6122
    0.3998   -0.4103
    0.2599    0.3796
    0.8001    1.1111
    0.4314   -0.1309
    0.9106    0.0603
    0.1818   -0.4312
    0.2638    0.3514
    0.1455   -0.7590
    0.1361   -0.7570
    0.8693    0.4056
    0.5797    0.5078
    0.5499    0.7850
    0.1450   -0.8077
    0.8530    0.5854
    0.6221    0.1297
    0.3510   -0.1829
    0.5132    0.8486
    0.4018   -0.3576
    0.0760   -0.4443
    0.2399    0.2381
    0.1233   -0.8182
    0.1839   -0.3461
    0.2400    0.3164
    0.4173   -0.2334
    0.0497   -0.1804
    0.9027    0.1029
    0.9448    0.2205
    0.4909    0.6104
    0.4893    0.6543
    0.3377   -0.0975
    0.9001    0.1645
    0.3692   -0.3622
    0.1112   -0.7480
    0.7803    1.1407
    0.3897   -0.4072
    0.2417    0.2927
    0.4039   -0.2983
    0.0965   -0.6754
    0.1320   -0.8229
    0.9421    0.1711
    0.9561    0.2531
    0.5752    0.6187
    0.0598   -0.3115
    0.2348    0.2313
    0.3532   -0.2310
    0.8212    0.9893
    0.0154    0.0544
    0.0430   -0.0911
    0.1690   -0.5429
    0.6491    0.0730
    0.7317    0.6839
    0.6477    0.0141
    0.4509    0.1531
    0.5470    0.7888
    0.2963    0.2482
    0.7447    0.8989
    0.1890   -0.3105
    0.6868    0.2112
    0.1835   -0.3778
    0.3685   -0.3938
    0.6256    0.0970
    0.7802    1.1022
    0.0811   -0.5644
    0.9294    0.1218
    0.7757    1.1319
    0.4868    0.5828
    0.4359   -0.0364
    0.4468    0.0446
    0.3063    0.2291
    0.5085    0.7562
    0.5108    0.8139
    0.8176    0.9599
    0.7948    1.1318
