-0.836787 -6.217623
-0.720169 -0.927936
-0.425442 1.581335
0.656048 -21.211240
0.109584 -1.080770
-0.359254 0.617740
0.559353 -15.071794
0.754841 -27.697269
0.141635 -0.860017
0.118962 -1.203508
0.421406 -8.043533
-0.335747 1.606757
0.875353 -37.577265
-0.765059 -3.076641
0.588436 -17.619603
-0.340162 1.524900
-0.770846 -2.305395
0.099019 -0.898294
0.301488 -4.554170
0.226228 -1.487667
0.503754 -11.887804
-0.674751 -1.129963
0.546023 -13.524363
0.542902 -13.881519
0.709296 -24.003946
0.085391 -0.011683
0.188669 -2.603092
-0.473732 0.978900
-0.008507 0.992149
0.982842 -44.113919
-0.730869 -1.716314
-0.338653 1.031526
-0.969736 -17.479769
0.620700 -18.823647
0.455203 -8.939760
0.602035 -18.258602
-0.199686 -0.225076
0.638704 -20.189959
0.384350 -7.651705
0.830683 -33.563123
0.283070 -2.788423
0.322555 -5.219737
-0.973080 -19.699058
0.727211 -26.719940
-0.623705 -0.090181
-0.470657 1.265740
-0.637647 0.356488
0.079424 -0.984215
0.037269 0.141996
0.401734 -8.196004
0.569150 -16.060183
-0.488953 1.373087
0.830245 -33.917308
-0.344818 0.982672
-0.646870 -0.035058
-0.542189 0.167441
-0.720923 -1.413796
0.149493 -1.241383
0.284369 -4.492337
-0.501938 1.416520
0.180440 -0.757811
-0.278627 -0.054098
0.439165 -9.347137
-0.328852 0.953744
-0.043963 0.079256
-0.552330 1.966075
-0.151157 0.919745
0.243591 -2.343314
-0.817457 -4.821645
-0.701681 -1.654334
-0.700940 -0.424296
-0.822453 -5.740971
0.355938 -6.613499
0.105734 -1.592855
0.611798 -17.350331
-0.199963 0.089646
0.147892 -1.240447
-0.456673 0.952062
0.213002 -2.698079
0.826183 -33.791724
0.143629 -0.777586
0.970462 -44.272968
-0.963843 -17.114500
-0.078316 -0.119668
0.007786 0.639948
0.428323 -8.537514
0.381195 -7.216528
0.985385 -44.844081
-0.462393 0.810377
0.102210 0.270546
-0.881811 -10.036665
-0.496978 1.894070
0.076368 0.198297
-0.024600 0.166618
-0.391180 1.383928
-0.718178 -1.402893
-0.315820 0.496171
0.678077 -21.916761
0.259935 -3.967549
-0.507947 0.611455
-0.042972 0.073689
0.986226 -44.561452
0.453175 -9.027939
-0.941658 -15.148199
0.105410 -0.158033
0.277431 -4.531243
-0.243699 1.680890
-0.489823 0.760811
0.116573 -0.330161
0.509449 -13.210610
-0.807143 -3.811976
-0.165707 0.995474
-0.006317 -0.751352
0.716911 -24.537338
0.190532 -1.199628
0.279019 -4.611978
-0.883220 -9.208128
-0.029818 0.395741
-0.742132 -2.434126
0.345476 -5.608180
0.534035 -12.715990
-0.753890 -2.341220
0.436275 -9.620987
0.366757 -5.818479
-0.932672 -13.181842
0.859939 -35.939736
0.062625 -0.905769
-0.593270 1.636075
0.140424 -0.231648
0.378609 -6.807877
-0.470961 1.715444
-0.131738 -0.366422
0.562781 -15.746116
0.846700 -35.632307
-0.211920 -0.346650
-0.219963 0.662284
0.332168 -5.549374
0.909301 -40.281029
0.837158 -33.632625
-0.263192 0.812249
0.125804 -0.202395
0.600783 -17.344169
0.796635 -30.182245
0.848580 -34.470923
-0.173821 1.425835
-0.593470 1.337374
-0.599937 0.336452
-0.994481 -22.597057
0.967101 -42.806824
0.840944 -33.791208
0.552237 -15.289996
0.588666 -17.097533
0.103300 -0.756845
0.422835 -7.873325
-0.874774 -8.668153
-0.876703 -9.901434
0.212758 -1.278633
-0.506376 1.336067
-0.996327 -21.888524
0.532384 -13.338262
-0.149138 0.674878
0.979128 -44.641213
-0.859495 -8.660065
-0.750984 -2.325815
0.936830 -41.681335
0.754446 -27.617098
-0.519263 2.143187
0.031841 -0.679648
-0.842455 -6.049946
0.271201 -3.098743
0.232413 -2.519382
0.358913 -5.112974
0.679205 -22.281424
0.537370 -13.677487
-0.890719 -10.970617
-0.836026 -7.123717
0.086034 0.348191
-0.355761 1.430100
-0.511233 1.963921
-0.955347 -15.873525
-0.658746 0.705105
0.901905 -38.760247
-0.323236 0.565428
-0.004255 -0.418036
-0.259598 0.669102
0.322457 -5.762085
-0.068627 0.116242
0.785456 -29.852555
-0.480897 1.014712
0.360580 -5.760439
0.061898 -0.194489
-0.907588 -10.684568
0.356391 -6.278661
-0.403359 0.167819
-0.789317 -2.948046
-0.064965 1.030900
0.364589 -6.360607
0.559964 -15.733997
0.655251 -21.645021
-0.143856 -0.213165
